74,1
74,1
74,1
74,1
74,1
74,1
74,1
74,1
74,1
74,1
74,1
74,1
74,1
74,1
74,1
74,1
74,1
74,1
74,1
74,1
74,1
74,1
74,1
74,1
74,1
74,1
74,1
74,1
74,1
74,1
74,1
74,1
74,1
74,1
74,1
74,1
74,1
74,1
74,1
74,1
74,1
74,1
74,1
74,1
74,1
74,1
74,1
74,1
74,1
74,1
74,1
74,1
74,1
74,1
74,1
74,1
74,1
74,1
74,1
74,1
74,1
74,1
74,1
74,1
74,1
74,1
74,1
74,1
74,1
74,1
74,1
74,1
74,1
74,1
74,1
74,1
74,1
74,1
74,1
74,1
74,1
74,1
74,1
74,1
74,1
74,1
74,1
74,1
74,1
74,1
74,1
74,1
74,1
74,1
74,1
74,1
74,1
74,1
74,1
74,1
74,1
74,1
74,1
74,1
74,1
74,1
74,1
74,1
74,1
74,1
74,074
73,96557029
73,81071969
73,65593957
73,50123052
73,34659313
73,192028
73,03753572
72,8831169
72,72877215
72,57450207
72,42030729
72,2661884
72,11214605
71,95818085
71,80429343
71,65048443
71,49675448
71,34310422
71,18953429
71,03604535
70,88263804
70,72931302
70,57607095
70,42291248
70,26983829
70,11684905
69,96394542
69,81112809
69,65839773
69,50575504
69,35320069
69,20073538
69,0483598
68,89607466
68,74388065
68,59177848
68,43976886
68,2878525
68,13603013
67,98430245
67,83267019
67,68113408
67,52969485
67,37835324
67,22710997
67,0759658
66,92492145
66,77397769
66,62313526
66,47239492
66,32175741
66,17122351
66,02079398
65,87046957
65,72025107
65,57013925
65,42013488
65,27023873
65,1204516
64,97077427
64,82120752
64,67175215
64,52240895
64,37317872
64,22406226
64,07506037
63,92617385
63,77740351
63,62875017
63,48021464
63,33179773
63,18350026
63,03532306
62,88726694
62,73933274
62,59152128
62,44383338
62,2962699
62,14883165
62,00151949
61,85433423
61,70727674
61,56034786
61,41354842
61,26687928
61,12034128
60,97393528
60,82766214
60,6815227
60,53551783
60,38964837
60,2439152
60,09831918
59,95286116
59,80754201
59,66236259
59,51732378
59,37242645
59,22767145
59,08305966
58,93859196
58,79426921
58,65009229
58,50606208
58,36217944
58,21844525
58,07486039
57,93142574
57,78814217
57,64501055
57,50203178
57,35920672
57,21653626
57,07402126
56,93166262
56,78946121
56,6474179
56,50553358
56,36380912
56,22224541
56,0808433
55,9396037
55,79852746
55,65761546
55,51686859
55,37628771
55,23587369
55,09562741
54,95554973
54,81564154
54,67590369
54,53633705
54,39694249
54,25772087
54,11867306
53,97979991
53,84110228
53,70258104
53,56423703
53,42607111
53,28808414
53,15027695
53,01265041
52,87520534
52,7379426
52,60086302
52,46396745
52,32725671
52,19073163
52,05439305
51,91824179
51,78227868
51,64650453
51,51092016
51,37552638
51,24032401
51,10531385
50,97049669
50,83587335
50,70144462
50,56721129
50,43317414
50,29933396
50,16569154
50,03224764
49,89900303
49,7659585
49,63311479
49,50047266
49,36803288
49,23579618
49,10376332
48,97193503
48,84031205
48,70889511
48,57768493
48,44668223
48,31588773
48,18530214
48,05492616
47,92476049
47,79480582
47,66506285
47,53553224
47,40621469
47,27711085
47,1482214
47,01954699
46,89108828
46,76284591
46,63482053
46,50701276
46,37942324
46,25205259
46,12490142
45,99797035
45,87125998
45,74477089
45,61850369
45,49245895
45,36663726
45,24103918
45,11566527
44,99051609
44,86559218
44,7408941
44,61642237
44,49217752
44,36816008
44,24437055
44,12080945
43,99747726
43,87437449
43,75150161
43,62885911
43,50644745
43,38426709
43,2623185
43,1406021
43,01911836
42,89786769
42,77685052
42,65606726
42,53551833
42,41520413
42,29512504
42,17528146
42,05567376
41,93630231
41,81716747
41,69826959
41,57960903
41,46118612
41,34300119
41,22505456
41,10734655
40,98987745
40,87264758
40,75565722
40,63890665
40,52239615
40,40612598
40,2900964
40,17430766
40,05876
39,94345366
39,82838887
39,71356583
39,59898477
39,48464587
39,37054935
39,25669537
39,14308413
39,02971578
38,9165905
38,80370843
38,69106973
38,57867452
38,46652294
38,35461512
38,24295116
38,13153117
38,02035526
37,90942351
37,798736
37,68829281
37,57809401
37,46813965
37,3584298
37,24896448
37,13974375
37,03076763
36,92203613
36,81354928
36,70530708
36,59730952
36,48955661
36,38204832
36,27478463
36,1677655
36,06099091
35,9544608
35,84817513
35,74213383
35,63633683
35,53078406
35,42547545
35,32041089
35,2155903
35,11101357
35,00668059
34,90259125
34,79874543
34,69514299
34,5917838
34,48866772
34,38579459
34,28316426
34,18077656
34,07863134
33,9767284
33,87506757
33,77364867
33,67247148
33,57153583
33,47084149
33,37038826
33,27017591
33,17020422
33,07047297
32,9709819
32,87173079
32,77271937
32,6739474
32,57541462
32,47712076
32,37906555
32,28124871
32,18366996
32,08632902
31,98922558
31,89235936
31,79573005
31,69933734
31,60318092
31,50726047
31,41157566
31,31612617
31,22091167
31,12593181
31,03118626
30,93667466
30,84239667
30,74835193
30,65454008
30,56096074
30,46761356
30,37449816
30,28161416
30,18896118
30,09653883
30,00434672
29,91238445
29,82065163
29,72914786
29,63787273
29,54682582
29,45600673
29,36541503
29,27505031
29,18491215
29,0950001
29,00531375
28,91585265
28,82661637
28,73760447
28,64881651
28,56025202
28,47191057
28,3837917
28,29589495
28,20821987
28,12076598
28,03353283
27,94651995
27,85972686
27,77315309
27,68679817
27,60066161
27,51474294
27,42904168
27,34355732
27,2582894
27,17323741
27,08840087
27,00377928
26,91937213
26,83517894
26,7511992
26,66743241
26,58387806
26,50053565
26,41740466
26,33448459
26,25177493
26,16927515
26,08698475
26,0049032
25,92303
25,84136461
25,75990651
25,67865519
25,59761011
25,51677076
25,4361366
25,35570711
25,27548176
25,19546001
25,11564133
25,0360252
24,95661108
24,87739842
24,79838671
24,71957539
24,64096393
24,5625518
24,48433846
24,40632336
24,32850596
24,25088572
24,17346211
24,09623457
24,01920257
23,94236556
23,865723
23,78927434
23,71301903
23,63695654
23,56108632
23,48540782
23,40992049
23,33462378
23,25951716
23,18460007
23,10987197
23,03533231
22,96098054
22,88681611
22,81283848
22,7390471
22,66544143
22,5920209
22,51878499
22,44573313
22,37286479
22,30017941
22,22767646
22,15535537
22,08321561
22,01125664
21,9394779
21,86787885
21,79645894
21,44763067
20,8284849
19,95957116
18,87349263
17,61250302
16,22534897
14,76368917
13,27846342
11,81657597
10,41820015
9,114917203
7,928787021
6,872331696
5,949309858
5,156085613
4,483356864
3,932682295
3,494729921
3,446250637
3,40383802
3,36879207
3,342412786
3,316033502
3,289654218
3,263274934
3,23689565
3,210516367
3,184137083
3,157757799
3,131378515
3,104999231
3,078619947
3,052240664
3,02586138
2,999482096
2,973102812
2,946723528
2,586570849
2,494013686
2,518486044
2,596177988
2,71068673
2,856003833
3,010919541
3,168590996
3,326941603
3,485383644
3,643765618
3,802055178
3,960249937
4,118354157
4,276373147
4,434312052
4,59217565
4,749968341
4,907694186
5,065356932
5,222960046
5,380506742
5,538
5,694
5,85
6,006
6,162
6,318
6,474
6,63
6,786
6,942
7,098
7,254
7,41
7,566
7,722
7,878
8,034
8,19
8,346
8,502
8,658
8,814
8,97
9,126
9,282
9,438
9,594
9,75
9,906
10,062
10,218
10,374
10,53
10,686
10,842
10,998
11,154
11,31
11,466
11,622
11,778
11,934
12,09
12,246
12,402
12,558
12,714
12,87
13,026
13,182
13,338
13,494
13,65
13,806
13,962
14,118
14,274
14,43
14,586
14,742
14,898
15,054
15,21
15,366
15,522
15,678
15,834
15,99
16,146
16,302
16,458
16,614
16,77
16,926
17,082
17,238
17,394
17,55
17,706
17,862
18,018
18,174
18,33
18,486
18,642
18,798
18,954
19,11
19,266
19,422
19,578
19,734
19,89
20,046
20,202
20,358
20,514
20,67
20,826
20,982
21,138
21,294
21,45
21,606
21,762
21,918
22,074
22,23
22,386
22,542
22,698
22,854
23,01
23,166
23,322
23,478
23,634
23,79
23,946
24,102
24,258
24,414
24,57
24,726
24,882
25,038
25,194
25,35
25,506
25,662
25,818
25,974
26,13
26,286
26,442
26,598
26,754
26,91
27,066
27,222
27,378
27,534
27,69
27,846
28,002
28,158
28,314
28,47
28,626
28,782
28,938
29,094
29,25
29,406
29,562
29,718
29,874
30,03
30,186
30,342
30,498
30,654
30,81
30,966
31,122
31,278
31,434
31,59
31,746
31,902
32,058
32,214
32,37
32,526
32,682
32,838
32,994
33,15
33,306
33,462
33,618
33,774
33,93
34,086
34,242
34,398
34,554
34,71
34,866
35,022
35,178
35,334
35,49
35,646
35,802
35,958
36,114
36,27
36,426
36,582
36,738
36,894
37,05
37,206
37,362
37,518
37,674
37,83
37,986
38,142
38,298
38,454
38,61
38,766
38,922
39,078
39,234
39,39
39,546
39,702
39,858
40,014
40,17
40,326
40,482
40,638
40,794
40,95
41,106
41,262
41,418
41,574
41,73
41,886
42,042
42,198
42,354
42,51
42,666
42,822
42,978
43,134
43,29
43,446
43,602
43,758
43,914
44,07
44,226
44,382
44,538
44,694
44,85
45,006
45,162
45,318
45,474
45,63
45,786
45,942
46,098
46,254
46,41
46,566
46,722
46,878
47,034
47,19
47,346
47,502
47,658
47,814
47,97
48,126
48,282
48,438
48,594
48,75
48,906
49,062
49,218
49,374
49,53
49,686
49,842
49,998
50,154
50,31
50,466
50,622
50,778
50,934
51,09
51,246
51,402
51,558
51,714
51,87
52,026
52,182
52,338
52,494
52,65
52,806
52,962
53,118
53,274
53,43
53,586
53,742
53,898
54,054
54,21
54,366
54,522
54,678
54,834
54,99
55,146
55,302
55,458
55,614
55,77
55,926
56,082
56,238
56,394
56,55
56,706
56,862
57,018
57,174
57,33
57,486
57,642
57,798
57,954
58,11
58,266
58,422
58,578
58,734
58,89
59,046
59,202
59,358
59,514
59,67
59,826
59,982
60,138
60,294
60,45
60,606
60,762
60,918
61,074
61,23
61,386
61,542
61,698
61,854
62,01
62,166
62,322
62,478
62,634
62,79
62,946
63,102
63,258
63,414
63,57
63,726
63,882
64,038
64,194
64,35
64,506
64,662
64,818
64,974
65,13
65,286
65,442
65,598
65,754
65,91
66,066
66,222
66,378
66,534
66,69
66,846
67,002
67,158
67,314
67,47
67,626
67,782
67,938
68,094
68,25
68,406
68,562
68,718
68,874
69,03
69,186
69,342
69,498
69,654
69,81
69,966
70,122
70,278
70,434
70,59
70,746
70,902
71,058
71,214
71,37
71,526
71,682
71,838
71,994
72,15
72,306
72,462
72,618
72,774
72,93
73,086
73,242
73,398
73,554
73,71
73,866
74,022
74,178
74,334
74,49
74,646
74,802
74,958
75,114
75,27
75,426
75,582
75,738
75,894
76,05
76,206
76,362
76,518
76,674
76,83
76,986
77,142
77,298
77,454
77,61
77,766
77,922
78,078
78,234
78,39
78,546
78,702
78,858
79,014
79,17
79,326
79,482
79,638
79,794
79,95
80,106
80,262
80,418
80,574
80,73
80,886
81,042
81,198
81,354
81,51
81,666
81,822
81,978
82,134
82,29
82,446
82,602
82,758
82,914
83,07
83,226
83,382
83,538
83,694
83,85
84,006
84,162
84,318
84,474
84,63
84,786
84,942
85,098
85,254
85,41
85,566
85,722
85,878
86,034
86,19
86,346
86,502
86,658
86,814
86,97
87,126
87,282
87,438
87,594
87,75
87,906
88,062
88,218
88,374
88,53
88,686
88,842
88,998
89,154
89,31
89,466
89,622
89,778
89,934
90,09
90,246
90,402
90,558
90,714
90,87
91,026
91,182
91,338
91,494
91,65
91,806
91,962
92,118
92,274
92,43
92,586
92,742
92,898
93,054
93,21
93,366
93,522
93,678
93,834
93,99
94,146
94,302
94,458
94,614
94,77
94,926
95,082
95,238
95,394
95,55
95,706
95,862
96,018
96,174
96,33
96,486
96,642
96,798
96,954
97,11
97,266
97,422
97,578
97,734
97,89
98,046
98,202
98,358
98,514
98,67
98,826
98,982
99,138
99,294
99,45
99,606
99,762
99,918
100
100
100
100
100
100
100
100
100
100
100
100
100
100
100
100
100
100
100
100
100
100
100
100
100
100
100
100
100
100
100
100
100
100
100
100
100
100
100
100
100
100
100
100
100
100
100
100
100
100
100
100
100
100
100
100
100
100
100
100
100
100
100
100
100
96,2991995
94,45339138
93,5318416
93,13148745
93,01142457
93,01142457
93,01142457
93,01142457
93,01142457
93,01142457
93,01142457
93,01142457
93,01142457
93,01142457
93,01142457
93,01142457
93,01142457
93,01142457
93,01142457
93,01142457
93,01142457
93,01142457
93,01142457
93,01142457
93,01142457
93,01142457
93,01142457
93,01142457
93,01142457
93,01142457
93,01142457
93,01142457
93,01142457
93,01142457
93,01142457
93,01142457
93,01142457
93,01142457
93,01142457
93,01142457
93,01142457
93,01142457
93,01142457
93,01142457
93,01142457
93,01142457
93,01142457
93,01142457
93,01142457
93,01142457
93,01142457
93,01142457
93,01142457
93,01142457
93,01142457
93,01142457
93,01142457
93,01142457
93,01142457
93,01142457
93,01142457
93,01142457
93,01142457
93,01142457
93,01142457
93,01142457
92,88473416
92,75804375
92,63135334
92,50466293
92,37797252
92,25128212
92,12459171
91,9979013
91,87121089
91,74452048
91,61783007
91,49113966
91,36444925
91,23775884
91,11106843
90,98437802
90,85768761
90,7309972
90,60430679
90,47761638
90,35092597
90,22423556
90,09754515
89,97085474
89,84416433
89,71747392
89,59078351
89,46409311
89,3374027
89,21071229
89,08402188
88,95733147
88,83064106
88,70395065
88,57726024
88,45056983
88,32387942
88,19718901
88,0704986
87,94380819
87,81711778
87,69042737
87,56373696
87,43704655
87,31035614
87,18366573
87,05697532
86,93028491
86,8035945
86,6769041
86,55021369
86,42352328
86,29683287
86,17014246
86,04345205
85,91676164
85,79007123
85,66338082
85,53669041
85,41
85,41
85,41
85,41
85,41
85,41
